1281789363681136640
1281789293736984577
1281789209884479490
1281788827099693056
1281788588166991872
1281787531785371649
1281781028558962689
1281780681379586053
1281761719552036867
1281760079558184960
1281757895860740096
1281741630383353856
1281731565278515202
1281722202908483592
1281680644288974859
1281680566182715393
1281680298326073344
1281680267703459846
1281637188850143232
1281637140951109632
1281626706349088770
1281616590060965888
1281616586273468416
1281603566071771136
1281556766086574080
1281556758457188352
1281556745211523072
1281554521748119553
1281554061972692994
1281552520612057088
1281449591116890112
1281447465774919680
1281408447074971653
1281365695020896259
1281355449523146752
1281354809807970305
1281260329247399936
1281250568342769665
1281250567373967360
1281250566199541761
1281250565163532288
1281236412667432961
1281236214646034432
1281209521675874304
1281209215953113098
1281206685395292160
1281206354334625793
1281193507051515905
1281193266160054272
1281071891307016192
1281071885887975424
1281071779386187777
1281017490370371593
1280983120184061954
1280978927532548097
1280978909815869443
1280963259043102720
1280948726945677313
1280896789940494343
1280861869507567616
1280857657365200902
1280853299600789505
1280649677894037509
1280518510184144898
1280517860725530624
1280484878744793090
1280384628453498880
1280383987068829696
1280332215285579776
1280328830218051584
1280320684204404737
1280285412188213248
1280234504985157637
1280232979781111808
1280227642294308865
1280210947014119424
1280209946085339136
1280209143975084032
1280209143127773184
1280209106826125313
1280205902742781958
1280203174008303616
1280134205696094208
1280132362152693761
1280128809258364928
1280126076719706113
1280117571874951170
1280116392990253056
1280115980090380288
1280112938125348865
1280112728850513922
1279906540791779334
1279890194653724672
1279888307200176131
1279887994107891717
1279884213055926272
1279879585627279365
1279823128810659841
1279649292966395904
1279623260490039298
1279621608521547776
1279611869515440129
1279545900138991617
1279510068606701568
1279508996295196673
1279507107663040513
1279507056601554945
1279506263370616833
1279506043836530693
1279505559092412417
1279504269784289281
1279503442612977665
1279502286549651458
1279501477787074560
1279501202657546242
1279500758212280321
1279500682366763008
1279500349552963586
1279500298256605184
1279499601016426496
1279487628732256257
1279487627977252864
1279482640693972992
1279482515905040385
1279481818698391552
1279481431325061120
1279481339310493698
1279478432976510978
1279475529951973382
1279475489858609152
1279475438423814150
1279475358610358273
1279474506101395456
1279469940400107522
1279469749567655936
1279469360277577729
1279468358744911873
1279467315076177921
1279467151720579072
1279467062214168577
1279465587891220482
1279465310391873536
1279464993457668098
1279464546097418240
1279459128054894593
1279458984752287744
1279458490310950912
1279458327307657217
1279458021308084227
1279457838256009217
1279457045188612096
1279452164310683649
1279450447191977987
1279448145819295747
1279448072683167746
1279446869719089152
1279446229496279040
1279446018984226818
1279445961811656704
1279445476073508865
1279439607482941441
1279354659220656129
1279301988639899648
1279290634101075969
1279287248299552768
1279282949175644160
1279267590305701893
1279267576053448710
1279267549977497600
1279267507405283328
1279267489051017216
1279267466938650631
1279267306716233728
1279190966394515457
1279161192167215106
1279161110336278531
1279161075926274048
1279160972935135232
1279160970959601667
1279160286117867521
1279160285132136455
1279160140546088962
1279159953039724544
1279025204963020800
1278901518444486656
1278901503600852993
1278898912011726848
1278897430378041344
1278892544894668801
1278891780512059392
1278891135063244805
1278891032390836229
1278890935900913665
1278890671492018176
1278890408710418432
1278890366725427202
1278890042723835904
1278889570893996032
1278845759274844165
1278845376901132291
1278836342609379328
1278833085522509824
1278830576141729792
1278830490812899329
1278830096418320385
1278830005422874624
1278828759672672269
1278828245161594886
1278827752385323010
1278826814383837184
1278825777052729345
1278824441611419648
1278824285717639170
1278824133258862593
1278822989711228928
1278806988806410241
1278746816935350273
1278715465205010433
1278715220677013504
1278711846627917830
1278700018355048448
1278699680348717056
1278677687050084352
1278673786913599488
1281789363681136640
1281789293736984577
1281789209884479490
1281788827099693056
1281788588166991872
1281787531785371649
1281781028558962689
1281780681379586053
1281761719552036867
1281760079558184960
1281757895860740096
1281741630383353856
1281731565278515202
1281722202908483592
1281680644288974859
1281680566182715393
1281680298326073344
1281680267703459846
1281637188850143232
1281637140951109632
1281626706349088770
1281616590060965888
1281616586273468416
1281603566071771136
1281556766086574080
1281556758457188352
1281556745211523072
1281554521748119553
1281554061972692994
1281552520612057088
1281449591116890112
1281447465774919680
1281408447074971653
1281365695020896259
1281355449523146752
1281354809807970305
1281260329247399936
1281250568342769665
1281250567373967360
1281250566199541761
1281250565163532288
1281236412667432961
1281236214646034432
1281209521675874304
1281209215953113098
1281206685395292160
1281206354334625793
1281193507051515905
1281193266160054272
1281071891307016192
1281071885887975424
1281071779386187777
1281017490370371593
1280983120184061954
1280978927532548097
1280978909815869443
1280963259043102720
1280948726945677313
1280896789940494343
1280861869507567616
1280857657365200902
1280853299600789505
1280649677894037509
1280518510184144898
1280517860725530624
1280484878744793090
1280384628453498880
1280383987068829696
1280332215285579776
1280328830218051584
1280320684204404737
1280285412188213248
1280234504985157637
1280232979781111808
1280227642294308865
1280210947014119424
1280209946085339136
1280209143975084032
1280209143127773184
1280209106826125313
1280205902742781958
1280203174008303616
1280134205696094208
1280132362152693761
1280128809258364928
1280126076719706113
1280117571874951170
1280116392990253056
1280115980090380288
1280112938125348865
1280112728850513922
1279906540791779334
1279890194653724672
1279888307200176131
1279887994107891717
1279884213055926272
1279879585627279365
1279823128810659841
1279649292966395904
1279623260490039298
1279621608521547776
1279611869515440129
1279545900138991617
1279510068606701568
1279508996295196673
1279507107663040513
1279507056601554945
1279506263370616833
1279506043836530693
1279505559092412417
1279504269784289281
1279503442612977665
1279502286549651458
1279501477787074560
1279501202657546242
1279500758212280321
1279500682366763008
1279500349552963586
1279500298256605184
1279499601016426496
1279487628732256257
1279487627977252864
1279482640693972992
1279482515905040385
1279481818698391552
1279481431325061120
1279481339310493698
1279478432976510978
1279475529951973382
1279475489858609152
1279475438423814150
1279475358610358273
1279474506101395456
1279469940400107522
1279469749567655936
1279469360277577729
1279468358744911873
1279467315076177921
1279467151720579072
1279467062214168577
1279465587891220482
1279465310391873536
1279464993457668098
1279464546097418240
1279459128054894593
1279458984752287744
1279458490310950912
1279458327307657217
1279458021308084227
1279457838256009217
1279457045188612096
1279452164310683649
1279450447191977987
1279448145819295747
1279448072683167746
1279446869719089152
1279446229496279040
1279446018984226818
1279445961811656704
1279445476073508865
1279439607482941441
1279354659220656129
1279301988639899648
1279290634101075969
1279287248299552768
1279282949175644160
1279267590305701893
1279267576053448710
1279267549977497600
1279267507405283328
1279267489051017216
1279267466938650631
1279267306716233728
1279190966394515457
1279161192167215106
1279161110336278531
1279161075926274048
1279160972935135232
1279160970959601667
1279160286117867521
1279160285132136455
1279160140546088962
1279159953039724544
1279025204963020800
1278901518444486656
1278901503600852993
1278898912011726848
1278897430378041344
1278892544894668801
1278891780512059392
1278891135063244805
1278891032390836229
1278890935900913665
1278890671492018176
1278890408710418432
1278890366725427202
1278890042723835904
1278889570893996032
1278845759274844165
1278845376901132291
1278836342609379328
1278833085522509824
1278830576141729792
1278830490812899329
1278830096418320385
1278830005422874624
1278828759672672269
1278828245161594886
1278827752385323010
1278826814383837184
1278825777052729345
1278824441611419648
1278824285717639170
1278824133258862593
1278822989711228928
1278806988806410241
1278746816935350273
1278715465205010433
1278715220677013504
1278711846627917830
1278700018355048448
1278699680348717056
1278677687050084352
1278673786913599488
1281789363681136640
1281789293736984577
1281789209884479490
1281788827099693056
1281788588166991872
1281787531785371649
1281781028558962689
1281780681379586053
1281761719552036867
1281760079558184960
1281757895860740096
1281741630383353856
1281731565278515202
1281722202908483592
1281680644288974859
1281680566182715393
1281680298326073344
1281680267703459846
1281637188850143232
1281637140951109632
1281626706349088770
1281616590060965888
1281616586273468416
1281603566071771136
1281556766086574080
1281556758457188352
1281556745211523072
1281554521748119553
1281554061972692994
1281552520612057088
1281449591116890112
1281447465774919680
1281408447074971653
1281365695020896259
1281355449523146752
1281354809807970305
1281260329247399936
1281250568342769665
1281250567373967360
1281250566199541761
1281250565163532288
1281236412667432961
1281236214646034432
1281209521675874304
1281209215953113098
1281206685395292160
1281206354334625793
1281193507051515905
1281193266160054272
1281071891307016192
1281071885887975424
1281071779386187777
1281017490370371593
1280983120184061954
1280978927532548097
1280978909815869443
1280963259043102720
1280948726945677313
1280896789940494343
1280861869507567616
1280857657365200902
1280853299600789505
1280649677894037509
1280518510184144898
1280517860725530624
1280484878744793090
1280384628453498880
1280383987068829696
1280332215285579776
1280328830218051584
1280320684204404737
1280285412188213248
1280234504985157637
1280232979781111808
1280227642294308865
1280210947014119424
1280209946085339136
1280209143975084032
1280209143127773184
1280209106826125313
1280205902742781958
1280203174008303616
1280134205696094208
1280132362152693761
1280128809258364928
1280126076719706113
1280117571874951170
1280116392990253056
1280115980090380288
1280112938125348865
1280112728850513922
1279906540791779334
1279890194653724672
1279888307200176131
1279887994107891717
1279884213055926272
1279879585627279365
1279823128810659841
1279649292966395904
1279623260490039298
1279621608521547776
1279611869515440129
1279545900138991617
1279510068606701568
1279508996295196673
1279507107663040513
1279507056601554945
1279506263370616833
1279506043836530693
1279505559092412417
1279504269784289281
1279503442612977665
1279502286549651458
1279501477787074560
1279501202657546242
1279500758212280321
1279500682366763008
1279500349552963586
1279500298256605184
1279499601016426496
1279487628732256257
1279487627977252864
1279482640693972992
1279482515905040385
1279481818698391552
1279481431325061120
1279481339310493698
1279478432976510978
1279475529951973382
1279475489858609152
1279475438423814150
1279475358610358273
1279474506101395456
1279469940400107522
1279469749567655936
1279469360277577729
1279468358744911873
1279467315076177921
1279467151720579072
1279467062214168577
1279465587891220482
1279465310391873536
1279464993457668098
1279464546097418240
1279459128054894593
1279458984752287744
1279458490310950912
1279458327307657217
1279458021308084227
1279457838256009217
1279457045188612096
1279452164310683649
1279450447191977987
1279448145819295747
1279448072683167746
1279446869719089152
1279446229496279040
1279446018984226818
1279445961811656704
1279445476073508865
1279439607482941441
1279354659220656129
1279301988639899648
1279290634101075969
1279287248299552768
1279282949175644160
1279267590305701893
1279267576053448710
1279267549977497600
1279267507405283328
1279267489051017216
1279267466938650631
1279267306716233728
1279190966394515457
1279161192167215106
1279161110336278531
1279161075926274048
1279160972935135232
1279160970959601667
1279160286117867521
1279160285132136455
1279160140546088962
1279159953039724544
1279025204963020800
1278901518444486656
1278901503600852993
1278898912011726848
1278897430378041344
1278892544894668801
1278891780512059392
1278891135063244805
1278891032390836229
1278890935900913665
1278890671492018176
1278890408710418432
1278890366725427202
1278890042723835904
1278889570893996032
1278845759274844165
1278845376901132291
1278836342609379328
1278833085522509824
1278830576141729792
1278830490812899329
1278830096418320385
1278830005422874624
1278828759672672269
1278828245161594886
1278827752385323010
1278826814383837184
1278825777052729345
1278824441611419648
1278824285717639170
1278824133258862593
1278822989711228928
1278806988806410241
1278746816935350273
1278715465205010433
1278715220677013504
1278711846627917830
1278700018355048448
1278699680348717056
1278677687050084352
1278673786913599488
1281789363681136640
1281789293736984577
1281789209884479490
1281788827099693056
1281788588166991872
1281787531785371649
1281781028558962689
1281780681379586053
1281761719552036867
1281760079558184960
1281757895860740096
1281741630383353856
1281731565278515202
1281722202908483592
1281680644288974859
1281680566182715393
1281680298326073344
1281680267703459846
1281637188850143232
1281637140951109632
1281626706349088770
1281616590060965888
1281616586273468416
1281603566071771136
1281556766086574080
1281556758457188352
1281556745211523072
1281554521748119553
1281554061972692994
1281552520612057088
1281449591116890112
1281447465774919680
1281408447074971653
1281365695020896259
1281355449523146752
1281354809807970305
1281260329247399936
1281250568342769665
1281250567373967360
1281250566199541761
1281250565163532288
1281236412667432961
1281236214646034432
1281209521675874304
1281209215953113098
1281206685395292160
1281206354334625793
1281193507051515905
1281193266160054272
1281071891307016192
1281071885887975424
1281071779386187777
1281017490370371593
1280983120184061954
1280978927532548097
1280978909815869443
1280963259043102720
1280948726945677313
1280896789940494343
1280861869507567616
1280857657365200902
1280853299600789505
1280649677894037509
1280518510184144898
1280517860725530624
1280484878744793090
1280384628453498880
1280383987068829696
1280332215285579776
1280328830218051584
1280320684204404737
1280285412188213248
1280234504985157637
1280232979781111808
1280227642294308865
1280210947014119424
1280209946085339136
1280209143975084032
1280209143127773184
1280209106826125313
1280205902742781958
1280203174008303616
1280134205696094208
1280132362152693761
1280128809258364928
1280126076719706113
1280117571874951170
1280116392990253056
1280115980090380288
1280112938125348865
1280112728850513922
1279906540791779334
1279890194653724672
1279888307200176131
1279887994107891717
1279884213055926272
1279879585627279365
1279823128810659841
1279649292966395904
1279623260490039298
1279621608521547776
1279611869515440129
1279545900138991617
1279510068606701568
1279508996295196673
1279507107663040513
1279507056601554945
1279506263370616833
1279506043836530693
1279505559092412417
1279504269784289281
1279503442612977665
1279502286549651458
1279501477787074560
1279501202657546242
1279500758212280321
1279500682366763008
1279500349552963586
1279500298256605184
1279499601016426496
1279487628732256257
1279487627977252864
1279482640693972992
1279482515905040385
1279481818698391552
1279481431325061120
1279481339310493698
1279478432976510978
1279475529951973382
1279475489858609152
1279475438423814150
1279475358610358273
1279474506101395456
1279469940400107522
1279469749567655936
1279469360277577729
1279468358744911873
1279467315076177921
1279467151720579072
1279467062214168577
1279465587891220482
1279465310391873536
1279464993457668098
1279464546097418240
1279459128054894593
1279458984752287744
1279458490310950912
1279458327307657217
1279458021308084227
1279457838256009217
1279457045188612096
1279452164310683649
1279450447191977987
1279448145819295747
1279448072683167746
1279446869719089152
1279446229496279040
1279446018984226818
1279445961811656704
1279445476073508865
1279439607482941441
1279354659220656129
1279301988639899648
1279290634101075969
1279287248299552768
1279282949175644160
1279267590305701893
1279267576053448710
1279267549977497600
1279267507405283328
1279267489051017216
1279267466938650631
1279267306716233728
1279190966394515457
1279161192167215106
1279161110336278531
1279161075926274048
1279160972935135232
1279160970959601667
1279160286117867521
1279160285132136455
1279160140546088962
1279159953039724544
1279025204963020800
1278901518444486656
1278901503600852993
1278898912011726848
1278897430378041344
1278892544894668801
1278891780512059392
1278891135063244805
1278891032390836229
1278890935900913665
1278890671492018176
1278890408710418432
1278890366725427202
1278890042723835904
1278889570893996032
1278845759274844165
1278845376901132291
1278836342609379328
1278833085522509824
1278830576141729792
1278830490812899329
1278830096418320385
1278830005422874624
1278828759672672269
1278828245161594886
1278827752385323010
1278826814383837184
1278825777052729345
1278824441611419648
1278824285717639170
1278824133258862593
1278822989711228928
1278806988806410241
1278746816935350273
1278715465205010433
1278715220677013504
1278711846627917830
1278700018355048448
1278699680348717056
1278677687050084352
1278673786913599488
1281820564525428737
1281802052461490176
1281791668497219584
1281789911113232384
1281785206198788099
1281783764809445377
1281782070222569475
1281735417696407553
1281730514622115840
1281708289428881408
1281688860129284096
1281681781368840192
1281681635998437376
1281679978317283328
1281672267936657408
1281664809440645120
1281664349048721408
1281663751595278336
1281651734507425794
1281643705699430401
1281643372982046720
1281643204110987265
1281503065514733569
1281501850659774464
1281501119298985984
1281476975442325505
1281476335181811713
1281475852937490432
1281475453832663040
1281464733858697217
1281444725711499264
1281443418548232193
1281439335963717632
1281439096343322625
1281438917380542464
1281396276731363329
1281368643327062021
1281337217290403840
1281313934193029122
1281309674482987008
1281307906088919041
1281301746438963201
1281299543187845122
1281297319095238656
1281261480516567041
1281260633074196480
1281098873063174145
1281096429717450753
1281080591148969984
1281078744795381761
1281070339322069000
1281070172581711873
1281024813797007360
1281023774561714178
1281023564980744192
1281023051967033344
1280964652713668608
1280959018073235457
1280954460177489920
1280947020992151552
1280945804274876421
1280904188772274176
1280900171274960896
1280815548868161536
1280758075209576448
1280751558427213824
1280751279199776768
1280750454960295936
1280749544238505986
1280721013676716035
1280711652283805696
1280703889310793728
1280699279414304780
1280698238337642498
1280697462907256832
1280690032446074880
1280689862316716032
1280668187227373570
1280661049608302593
1280658436682706944
1280643815213158401
1280605817918521344
1280603192556834816
1280583932472201216
1280582579419090944
1280575500801335296
1280575096898285569
1280550493475893254
1280550368779268101
1280544561320747014
1280536933186199552
1280535750195294209
1280535147939422208
1280534632321040385
1280533702565433344
1280533389892710400
1280533031384608769
1280532041994366976
1280531595884064773
1280531197186076672
1280530948002463746
1280530474855587840
1280530123876233219
1280529741129199621
1280529205873135616
1280526941271977984
1280383236024045569
1280381045666312193
1280380726769139713
1280380169979486209
1280362606318911488
1280362515545812992
1280362197470703617
1280337425537961984
1280332534421663744
1280332131026100224
1280329162725552128
1280279497304993792
1280277722254606342
1280277110095884288
1280276364218691585
1280275751346991106
1280274998968508416
1280274472302338049
1280273751905464320
1280272856652242944
1280258721734520832
1280254623509438464
1280253291205545985
1279836927085080578
1279626374991319045
1279498136688287745
1279496530144063489
1279496355623264256
1279494652333195264
1279493198121799680
1279450267834974208
1279442218336481280
1279435939702398976
1279273173343588353
1279256487395655680
1279233037624987649
1279231332644564992
1279225181043486720
1279224658571608064
1279222869189292032
1279221688589144064
1279221556799893504
1279220653145522176
1279211541171105792
1279211296248852480
1279210622358482944
1279210321668800514
1279209803462488064
1279209453242335232
1279202688857600000
1279198169549508608
1279118046615924737
1279117737650819072
1279114182474870785
1279105846056607744
1279104004471967745
1279103750070603776
1279103515705540618
1279103069720940544
1279083702174117889
1279083609836539908
1279081141169827841
1279080324631150594
1279079935714291718
1279079264193675265
1279079042881208320
1279075332767641600
1279075048955932673
1279072467525332992
1279072260368723968
1279071908995072000
1278961827888590851
1278934491147300864
1278929492648443904
1278928108519780354
1278909890187030528
1278850013863407616
1278848679416225792
1278829141819715584
1278826926262480897
1278824286438883328
1278819454604816384
1278807057261490177
1278806183516618752
1278788874840322053
1278727829392207872
1278719405245952004
